cx_h55_440_0.qasm	55	495	38	2	cx_h55_440_0.qasm	55	495	38	2	Timed out!
rand_cliff_13_AG.qasm	13	197	148	2	6	0.6623561382293701	0.6972882747650146	0.5504207611083984	4.42315614259227e-16
rand_cliff_14_GD.qasm	14	227	98	2	15	2.27170991897583	0.37004542350769043	0.1833634376525879	2.159744214007189e-19
rand_cliff_20_GD.qasm	20	430	168	2	27	13.988413333892822	0.43488168716430664	0.3279411792755127	0.0
bv_n30000.qasm	30000	90000	30002	2	Timed out!
rand_cliff_18_AG.qasm	18	377	276	2	11	31.570598602294922	1.3433516025543213	1.303499698638916	0.0
cx_h80_640_0.qasm	80	720	42	2	Timed out!
bv_n15000.qasm	15000	45000	15002	2	Timed out!
bv_n20000.qasm	20000	60000	20002	2	Timed out!
bv_n10000.qasm	10000	30000	10002	2	2	2409.8807299137115	2.0111141204833984	0.5455224514007568	0.9960062177790119
cx_h35_280_0.qasm	35	315	39	2	2	29.97287893295288	0.6250035762786865	0.28085923194885254	0.0
rand_cliff_11_GD.qasm	11	141	59	2	13	13.881661415100098	0.6906747817993164	0.515277624130249	1.2606619748112156e-20
cx_h60_480_0.qasm	60	540	36	2	Timed out!
rand_cliff_13_GD.qasm	13	193	87	2	14	17.734781980514526	0.5106973648071289	0.2012333869934082	2.6996802628126547e-19
rand_cliff_30_AD.qasm	30	1034	785	2	17	290.18241143226624	0.5364453792572021	0.3982198238372803	6.814950332241501e-49
rand_cliff_14_AG.qasm	14	259	186	2	8	17.518977165222168	0.5693678855895996	0.32293009757995605	0.0
rand_cliff_40_AD.qasm	40	1783	1402	2	Timed out!
rand_cliff_10_GD.qasm	10	128	60	2	8	6.7072532176971436	0.47522711753845215	0.3100166320800781	9.058623780028978e-13
rand_cliff_11_AG.qasm	11	160	118	2	2	4.174361705780029	0.37433886528015137	0.3488326072692871	0.0
cx_h30_240_0.qasm	30	270	29	2	2	32.79798889160156	0.4879179000854492	0.2874941825866699	0.0
rand_cliff_17_AG.qasm	17	354	273	2	10	33.92265272140503	0.7082405090332031	0.24672412872314453	0.0
rand_cliff_18_GD.qasm	18	366	137	2	28	60.89971852302551	0.4619274139404297	0.367755651473999	1.5345910722478716e-33
rand_cliff_30_GD.qasm	30	931	348	2	2	801.9031357765198	0.7069652080535889	0.3506581783294678	2.202029460137308e-74
rand_cliff_16_AG.qasm	16	296	230	2	2	7.867767333984375	0.582165002822876	0.28635120391845703	0.0
rand_cliff_35_AD.qasm	35	1337	1031	2	

bv_n100.qasm	100	299	102	2	2	0.7767946720123291	0.09316468238830566	0.06480908393859863	0.4980031088895057
bv_n100.qasm	100	299	102	2	2	0.7019896507263184	0.12119674682617188	0.08725595474243164	0.4980031088895057
bv_n10000.qasm	10000	30000	10002	2	2	605.3345265388489	178.23798084259033	0.6930332183837891	0.9960062177790119
2	1563.8335614204407	0.5826582908630371	0.27304530143737793	0.0
bv_n5000.qasm	5000	15000	5002	2	