bv_n4.qasm	4	11	6	2	2	0.10124611854553223	0.4004170894622803	(-0.7061642864146457+0j)
bv_n100.qasm	100	299	102	2	2	0.35623908042907715	0.7183454036712646	(-0.7061642864146457+0j)
bv_n500.qasm	500	1499	502	2	2	3.1661460399627686	3.6116535663604736	(-0.7061642864146457+0j)
rand_cliff_13_AG.qasm	13	197	148	2	6	0.7547876834869385	1.1019115447998047	(2.1045331039422826e-08+0j)
rand_cliff_14_GD.qasm	14	227	98	2	15	1.7668673992156982	2.178417444229126	(-4.650406125518981e-10-1.9383151084184518e-14j)
rand_cliff_20_GD.qasm	20	430	168	2	27	7.745903730392456	8.081053972244263	0j
rand_cliff_6_AG.qasm	6	53	36	2	3	0.11643838882446289	0.44672083854675293	(-0.0027584542438072062+0j)
bv_n30000.qasm	list index out of range
rand_cliff_18_AG.qasm	18	377	276	2	11	2.120840549468994	2.97407865524292	0j
bv_n15000.qasm	list index out of range
bv_n14.qasm	14	41	16	2	2	0.18796014785766602	0.7674791812896729	(-0.7061642864146457+0j)
bv_n12.qasm	12	35	14	2	2	0.05385088920593262	0.6829140186309814	(-0.7061642864146457+0j)
rand_cliff_7_AG.qasm	7	83	62	2	5	0.2290644645690918	0.8054084777832031	0j
bv_n20000.qasm	list index out of range
bv_n10000.qasm	10000	30000	10002	2	2	866.1151120662689	889.5894005298615	(0.998667111111111+0j)
bv_n50.qasm	50	149	52	2	2	1.266965627670288	2.8622636795043945	(-0.7061642864146457+0j)
bv_n13.qasm	13	38	15	2	2	0.3299522399902344	1.8288860321044922	(-0.7061642864146457+0j)
rand_cliff_11_GD.qasm	11	141	59	2	13	2.882861375808716	4.386984586715698	1.1227920443302115e-10j
rand_cliff_13_GD.qasm	13	193	87	2	14	4.226720571517944	5.790544271469116	(-4.647303786542652e-10-2.325203062759491e-10j)
rand_cliff_45_AD.qasm	45	2149	1706	2	Timed out!
rand_cliff_30_AD.qasm	30	1034	785	2	17	189.1319544315338	190.07796573638916	(8.258025296525034e-25+0j)
rand_cliff_14_AG.qasm	14	259	186	2	8	6.169321298599243	6.854650497436523	0j
bv_n3.qasm	3	8	5	2	2	0.09347772598266602	0.809715747833252	(-0.7061642864146457+0j)
bv_n11.qasm	11	32	13	2	2	0.33632421493530273	1.0165023803710938	(-0.7061642864146457+0j)
rand_cliff_40_AD.qasm	40	1783	1402	2	Timed out!
bv_n15.qasm	15	44	17	2	2	0.3767392635345459	1.0708439350128174	(-0.7061642864146457+0j)
rand_cliff_10_GD.qasm	10	128	60	2	8	2.112139940261841	2.820629596710205	(9.524031745062896e-07+0j)
bv_n30.qasm	30	89	32	2	2	0.7595813274383545	1.4403553009033203	(-0.7061642864146457+0j)
bv_n5.qasm	5	14	7	2	2	0.12305903434753418	0.7559254169464111	(-0.7061642864146457+0j)
rand_cliff_9_AG.qasm	9	107	83	2	5	1.223236322402954	1.974219560623169	0j
rand_cliff_11_AG.qasm	11	160	118	2	2	1.051504373550415	1.6756951808929443	0j
rand_cliff_17_AG.qasm	17	354	273	2	10	10.980610847473145	11.69011116027832	0j
bv_n19.qasm	19	56	21	2	2	0.48165130615234375	1.1500804424285889	(-0.7061642864146457+0j)
rand_cliff_18_GD.qasm	18	366	137	2	28	17.048392057418823	17.717320680618286	(2.613331670120298e-20-3.916077507675267e-17j)
rand_cliff_30_GD.qasm	30	931	348	2	2	602.5236241817474	603.2203950881958	(1.327261680344101e-37+6.636308401720505e-38j)
rand_cliff_50_GD.qasm	50	2554	777	2	Timed out!
rand_cliff_3_GD.qasm	3	11	9	2	2	0.059190988540649414	0.676560640335083	(0.4991669999999998+0j)
rand_cliff_16_AG.qasm	16	296	230	2	2	4.6684770584106445	5.223722219467163	0j
rand_cliff_35_AD.qasm	35	1337	1031	2	2	1033.4306287765503	1034.2322361469269	0j
bv_n5000.qasm	5000	14999	5002	2	