grover_21.qasm	21	95	41	2	grover_21.qasm	21	95	41	2	2	0.8496065139770508	0.1770627498626709	0.16291379928588867	0.0
grover_17.qasm	17	77	33	2	2	0.5484991073608398	0.16874265670776367	0.1526021957397461	0.0
grover_41.qasm	41	185	81	2	2	5.151609182357788	0.32643842697143555	0.31435441970825195	0.0
grover_21.qasm	21	95	41	2	2	0.8810839653015137	0.1802377700805664	0.21384954452514648	0.0
grover_17.qasm	17	77	33	2	2	0.5768184661865234	0.20444297790527344	0.17464256286621094	0.0
grover_41.qasm	41	185	81	2	2	5.511263608932495	0.2449796199798584	0.2546877861022949	0.0
grover_51.qasm	51	230	101	2	2	9.823846817016602	0.5808157920837402	0.5623180866241455	0.0
grover_23.qasm	23	104	45	2	2	1.7443134784698486	0.6346602439880371	0.6211428642272949	0.0
grover_13.qasm	13	59	25	2	2	0.33742594718933105	0.45938825607299805	0.4376404285430908	0.0
grover_3.qasm	3	16	9	2	2	0.06860733032226562	0.6069605350494385	0.5900447368621826	4.938271604938269e-14
grover_31.qasm	31	140	61	2	2	4.0281126499176025	0.6243834495544434	0.6019015312194824	0.0
grover_7.qasm	7	32	13	2	2	0.14401721954345703	0.6378655433654785	0.658881425857544	0.0
grover_5.qasm	5	23	10	2	2	0.0955648422241211	0.6535062789916992	0.6665689945220947	0.0
grover_27.qasm	27	122	53	2	2	1.6651630401611328	0.5297877788543701	0.519695520401001	0.0
grover_29.qasm	29	131	57	2	2	2.595787763595581	0.7585659027099609	0.714331865310669	0.0
grover_25.qasm	25	113	49	2	2	1.529381275177002	0.5854320526123047	0.5908739566802979	0.0
grover_15.qasm	15	68	29	2	2	0.43066859245300293	0.7688016891479492	0.7251191139221191	0.0
grover_11.qasm	11	50	21	2	2	1.9653716087341309	0.6284539699554443	0.6135163307189941	0.0
grover_19.qasm	19	86	37	2	2	0.6814706325531006	0.6712503433227539	0.6387619972229004	0.0
grover_9.qasm	9	41	17	2	2	0.19741511344909668	0.7419180870056152	0.6971147060394287	0.0

grover_69.qasm	69	311	137	2	2	25.65548062324524	0.8680727481842041	0.9085006713867188	0.0
grover_21.qasm	21	95	41	2	2	0.8259501457214355	0.5811116695404053	0.8745558261871338	0.0
grover_17.qasm	17	77	33	2	2	0.5309953689575195	0.8903148174285889	0.9326210021972656	0.0
grover_41.qasm	41	185	81	2	2	7.729316711425781	0.7625348567962646	0.9910566806793213	0.0
grover_89.qasm	89	401	177	2	2	60.42360544204712	1.7153422832489014	1.426750898361206	0.0
grover_51.qasm	51	230	101	2	2	13.525602340698242	1.636051893234253	1.6556873321533203	0.0
grover_23.qasm	23	104	45	2	2	1.0494763851165771	1.679227352142334	1.693056583404541	0.0
grover_13.qasm	13	59	25	2	2	5.692103385925293	1.993856430053711	1.6642851829528809	0.0
grover_85.qasm	85	383	169	2	2	64.40002679824829	1.8140759468078613	1.88731050491333	0.0
grover_75.qasm	75	338	149	2	2	60.477041482925415	2.0947346687316895	2.1306018829345703	0.0
grover_3.qasm	3	16	9	2	2	0.07507872581481934	2.1363136768341064	2.148029327392578	4.938271604938269e-14
grover_59.qasm	59	266	117	2	2	23.61178159713745	2.8842129707336426	2.20674991607666	0.0
grover_99.qasm	99	446	197	2	2	123.89610433578491	2.3908443450927734	2.524495840072632	0.0
grover_57.qasm	57	257	113	2	2	20.25282859802246	3.5697944164276123	3.641129970550537	0.0
grover_87.qasm	87	392	173	2	2	112.71098685264587	2.87996506690979	2.8862926959991455	0.0
grover_81.qasm	81	365	161	2	2	124.7739508152008	4.173921585083008	4.2606201171875	0.0
grover_31.qasm	31	140	61	2	2	2.5300185680389404	4.274206161499023	4.2465808391571045	0.0
grover_7.qasm	7	32	13	2	2	0.14548850059509277	4.207445859909058	4.276625156402588	0.0
grover_95.qasm	95	428	189	2	2	143.5546875	4.755467414855957	4.781886339187622	0.0
grover_65.qasm	65	293	129	2	2	68.64347791671753	5.00330376625061	5.067772626876831	0.0
grover_55.qasm	55	248	109	2	2	27.547420740127563	4.435772895812988	4.461735725402832	0.0
grover_73.qasm	73	329	145	2	2	145.416574716568	4.787680149078369	4.334054946899414	0.0
grover_79.qasm	79	356	157	2	2	88.7884624004364	4.783199071884155	5.106903314590454	0.0
grover_61.qasm	61	275	121	2	2	107.75486898422241	4.538780450820923	4.548765659332275	0.0
grover_91.qasm	91	410	181	2	2	159.34208726882935	4.111950397491455	4.343575477600098	0.0
grover_93.qasm	93	419	185	2	2	163.08788681030273	4.322619676589966	4.567020893096924	0.0
grover_63.qasm	63	284	125	2	2	61.96251463890076	4.733726501464844	4.751219034194946	0.0
grover_5.qasm	5	23	10	2	2	10.559874773025513	4.657691478729248	4.4221649169921875	0.0
grover_53.qasm	53	239	105	2	2	12.613527297973633	5.566177845001221	6.305271863937378	0.0
grover_27.qasm	27	122	53	2	2	24.264806509017944	4.450672388076782	4.501784801483154	0.0
grover_29.qasm	29	131	57	2	2	2.059931755065918	4.762618780136108	6.4154441356658936	0.0
grover_83.qasm	83	374	165	2	2	101.67746996879578	4.667529582977295	6.487389087677002	0.0
grover_97.qasm	97	437	193	2	2	242.25760412216187	5.092038154602051	5.134105920791626	0.0
grover_67.qasm	67	302	133	2	2	124.78074169158936	5.3654091358184814	5.150626182556152	0.0
grover_71.qasm	71	320	141	2	2	125.76585674285889	5.383585691452026	5.420903921127319	0.0
grover_77.qasm	77	347	153	2	2	189.0251350402832	5.558845281600952	7.524956464767456	0.0
grover_25.qasm	25	113	49	2	2	1.307995319366455	5.583401203155518	5.424107551574707	0.0
grover_15.qasm	15	68	29	2	2	0.42849183082580566	5.734778881072998	7.614844560623169	0.0
grover_11.qasm	11	50	21	2	2	29.536986112594604	5.354421377182007	5.4316956996917725	0.0
grover_19.qasm	19	86	37	2	2	0.6838018894195557	8.360623598098755	8.212443828582764	0.0
grover_9.qasm	9	41	17	2	2	0.1970844268798828	7.544648170471191	5.679600715637207	0.0
hwb500ps.qasm	