bv_n500.qasm	500	1499	502	0	2	3.8125252723693848	4.007388591766357	(-0.7071067811865475+0j)
bv_n500.qasm	500	1499	502	1	2	3.586742639541626	3.8269481658935547	(-0.7066353766657563+0j)
bv_n500.qasm	500	1499	502	2	2	3.6288304328918457	4.032115459442139	(-0.7061642864146457+0j)
bv_n500.qasm	500	1499	502	3	2	4.250024080276489	6.0193259716033936	(-0.7056935102237027+6.617444900424222e-24j)
bv_n500.qasm	500	1499	502	4	2	4.071502685546875	8.917535781860352	(-0.7052230478835536+6.7531017126949205e-21j)
bv_n500.qasm	500	1499	502	5	2	4.318049430847168	22.3871328830719	(-0.7047528991849639-8.458760859710849e-21j)
bv_n500.qasm	500	1499	502	6	2	4.165152072906494	92.8726077079773	(-0.7042830639188408-8.49844129560233e-21j)
bv_n500.qasm	500	1499	502	7	2	4.41895318031311	396.1637268066406	(-0.7038135418762262-1.8634313536392137e-20j)

bv_n500.qasm	500	1499	502	0	2	3.2427499294281006	3.4576494693756104	(-0.7071067811865475+0j)
bv_n500.qasm	500	1499	502	1	2	3.8125112056732178	4.380523204803467	(-0.7066353766657563+0j)
bv_n500.qasm	500	1499	502	2	2	3.988173007965088	6.211374044418335	(-0.7061642864146457+0j)
bv_n500.qasm	500	1499	502	3	2	3.467365264892578	11.552741289138794	(-0.7056935102237027+6.617444900424222e-24j)

bv_n500.qasm	500	1499	502	0	2	3.0272958278656006	0.11211037635803223	0.0303952693939209	(-0.7071067811865475+0j)
bv_n500.qasm	500	1499	502	1	2	3.6617908477783203	0.47564125061035156	0.12946510314941406	(-0.7066353766657563+0j)
bv_n500.qasm	500	1499	502	2	2	3.486375331878662	1.3759384155273438	0.2966043949127197	(-0.7061642864146457+0j)
bv_n500.qasm	500	1499	502	3	2	3.4505743980407715	5.470491647720337	0.9761917591094971	(-0.7056935102237027+6.617444900424222e-24j)
bv_n500.qasm	500	1499	502	4	2	4.354531526565552	26.086762189865112	7.027325868606567	(-0.7052230478835536+6.7531017126949205e-21j)
bv_n500.qasm	500	1499	502	5	2	4.165528297424316	100.12305855751038	37.354244232177734	(-0.7047528991849639-8.458760859710849e-21j)
bv_n500.qasm	500	1499	502	6	2	3.7928149700164795	408.46350288391113	221.52383399009705	(-0.7042830639188405-8.49844129560233e-21j)
bv_n500.qasm	500	1499	502	6	2	4.009875059127808	42.72160291671753	42.12938618659973	(-0.7042830639188408-8.49844129560233e-21j)
bv_n500.qasm	500	1499	502	4	2	4.081801414489746	3.004551649093628	2.471360445022583	(-0.7052230478835536+6.7531017126949205e-21j)
bv_n500.qasm	500	1499	502	4	2	3.4791293144226074	22.705018520355225	5.750961065292358	(-0.7052230478835536+6.7531017126949205e-21j)
