Approximate
inst_4x5_10_3.qasm	20	145	11	2	inst_4x5_10_3.qasm	20	145	11	2	
inst_4x5_10_3.qasm	20	145	11	2	inst_4x5_10_3.qasm	20	145	11	2	
inst_4x5_10_3.qasm	20	145	11	2	
inst_4x5_10_3.qasm	20	105	9	2	6	269.5392634868622	0.12382674217224121	0.0979771614074707	7.694470917757189e-25
inst_4x4_10_3.qasm	16	83	9	2	6	22.761480808258057	0.12950468063354492	0.11100101470947266	1.9697843356425288e-22
inst_4x5_10_0..qasm	"Error at end of file. Perhaps there is a missing ';'"
inst_6x6_10_0.qasm	36	139	5	2	6	5.474877834320068	0.15176153182983398	0.10438132286071777	0.0
inst_4x5_10_0.qasm	20	145	11	2	6	2252.9504692554474	0.06099724769592285	0.05605316162109375	7.0770498281475575e-15
inst_4x5_10_1.qasm	20	145	11	2	6	217.54659748077393	0.07317423820495605	0.057224273681640625	2.2591062588617075e-17
inst_4x5_10_2.qasm	20	145	11	2	6	192.24060249328613	0.07188963890075684	0.0632166862487793	6.303310224941399e-21
inst_6x6_10_3.qasm	36	139	5	2	6	11.755496501922607	0.06620049476623535	0.056871891021728516	0.0
inst_6x6_10_1.qasm	36	139	5	2	6	63.46658110618591	0.0788736343383789	0.05727100372314453	0.0
inst_4x4_10_0.qasm	16	83	9	2	6	17.013063430786133	0.0621035099029541	0.051880836486816406	1.3706457094137631e-30
inst_7x7_10_1.qasm	49	189	5	2	6	3246.8760714530945	0.06876897811889648	0.0575253963470459	0.0
inst_4x5_10_4.qasm	20	145	11	2	6	346.28997349739075	0.07044053077697754	0.054076194763183594	2.8308202464245526e-14
inst_4x4_10_4.qasm	16	83	9	2	6	16.680914402008057	0.061759233474731445	0.055979013442993164	7.077049040233823e-15
inst_4x4_10_1.qasm	16	83	9	2	6	20.267871141433716	0.06011533737182617	0.05270242691040039	4.529311890014441e-13
inst_7x7_10_0.qasm	49	189	5	2	6	31.18886709213257	0.06905984878540039	0.06363248825073242	0.0
inst_7x7_10_4.qasm	49	189	5	2	6	67.59363389015198	0.06389236450195312	0.05180191993713379	0.0
inst_6x6_10_4.qasm	36	139	5	2	6	31.16142511367798	0.07401013374328613	0.05852985382080078	0.0
inst_7x7_10_2.qasm	49	189	5	2	6	110.90281987190247	0.062183380126953125	0.055359601974487305	0.0
inst_4x4_10_2.qasm	16	83	9	2	6	7.904234409332275	0.06870818138122559	0.05366992950439453	0.0
inst_7x7_10_3.qasm	49	189	5	2	6	36.86794710159302	0.06260871887207031	0.05469512939453125	0.0
inst_6x6_10_2.qasm	36	139	5	2	6	30.01123833656311	0.06298398971557617	0.05971527099609375	0.0
Accurate
inst_4x5_10_3.qasm	20	105	9	2	Timed out!
inst_4x4_10_3.qasm	16	83	9	2	26	167.4058017730713	0.07540225982666016	0.05223584175109863	2.3893129070969425e-17
inst_6x6_10_0.qasm	36	139	5	2	9	9.411298751831055	0.062377214431762695	0.050774335861206055	0.0
inst_4x5_10_0.qasm	20	145	11	2	23	1715.6040987968445	0.08979558944702148	0.060137271881103516	6.081065886293631e-19
inst_4x5_10_1.qasm	20	145	11	2	