25.0	qaoa_100.qasm	100	1720	25	5	0.18775033950805664	tensor(0.9876, dtype=torch.float64)	
25.20408163265306	qaoa_100.qasm	100	1720	25	5	0.20723724365234375	tensor(0.9910, dtype=torch.float64)	
25.408163265306122	qaoa_100.qasm	100	1720	25	5	0.2071237564086914	tensor(0.9866, dtype=torch.float64)	
25.612244897959183	qaoa_100.qasm	100	1720	25	5	0.2843594551086426	tensor(0.9891, dtype=torch.float64)	
25.816326530612244	qaoa_100.qasm	100	1720	25	5	0.2844827175140381	tensor(0.9867, dtype=torch.float64)	
26.020408163265305	qaoa_100.qasm	100	1720	25	5	0.18980193138122559	tensor(0.9780, dtype=torch.float64)	
26.224489795918366	qaoa_100.qasm	100	1720	25	5	0.1899247169494629	tensor(0.9925, dtype=torch.float64)	
26.428571428571427	qaoa_100.qasm	100	1720	25	5	0.1840212345123291	tensor(0.9938, dtype=torch.float64)	
26.632653061224488	qaoa_100.qasm	100	1720	25	5	0.1817920207977295	tensor(0.9950, dtype=torch.float64)	
26.836734693877553	qaoa_100.qasm	100	1720	25	5	0.29380106925964355	tensor(0.9871, dtype=torch.float64)	
27.040816326530614	qaoa_100.qasm	100	1720	25	5	0.27756810188293457	tensor(0.9853, dtype=torch.float64)	
27.244897959183675	qaoa_100.qasm	100	1720	25	5	0.20409679412841797	tensor(0.9914, dtype=torch.float64)	
27.448979591836736	qaoa_100.qasm	100	1720	25	5	0.19880914688110352	tensor(0.9831, dtype=torch.float64)	
27.653061224489797	qaoa_100.qasm	100	1720	25	5	0.254016637802124	tensor(0.9909, dtype=torch.float64)	
27.857142857142858	qaoa_100.qasm	100	1720	25	5	0.23992705345153809	tensor(0.9927, dtype=torch.float64)	
28.06122448979592	qaoa_100.qasm	100	1720	25	5	0.17624664306640625	tensor(0.9887, dtype=torch.float64)	
28.26530612244898	qaoa_100.qasm	100	1720	25	5	0.15716338157653809	tensor(0.9875, dtype=torch.float64)	
28.46938775510204	qaoa_100.qasm	100	1720	25	5	0.2063148021697998	tensor(0.9870, dtype=torch.float64)	
28.6734693877551	qaoa_100.qasm	100	1720	25	5	0.2951233386993408	tensor(0.9824, dtype=torch.float64)	
28.877551020408163	qaoa_100.qasm	100	1720	25	5	0.2992427349090576	tensor(0.9941, dtype=torch.float64)	
29.081632653061224	qaoa_100.qasm	100	1720	25	5	0.25432801246643066	tensor(0.9929, dtype=torch.float64)	
29.285714285714285	qaoa_100.qasm	100	1720	25	5	0.27425146102905273	tensor(0.9801, dtype=torch.float64)	
29.48979591836735	qaoa_100.qasm	100	1720	25	5	0.20438790321350098	tensor(0.9853, dtype=torch.float64)	
29.693877551020407	qaoa_100.qasm	100	1720	25	5	0.19557571411132812	tensor(0.9847, dtype=torch.float64)	
29.89795918367347	qaoa_100.qasm	100	1720	25	5	0.2997622489929199	tensor(0.9880, dtype=torch.float64)	
30.10204081632653	qaoa_100.qasm	100	1720	25	5	0.2878847122192383	tensor(0.9963, dtype=torch.float64)	
30.306122448979593	qaoa_100.qasm	100	1720	25	5	0.1864616870880127	tensor(0.9850, dtype=torch.float64)	
30.510204081632654	qaoa_100.qasm	100	1720	25	5	0.22083234786987305	tensor(0.9888, dtype=torch.float64)	
30.714285714285715	qaoa_100.qasm	100	1720	25	5	0.28545427322387695	tensor(0.9919, dtype=torch.float64)	
30.918367346938776	qaoa_100.qasm	100	1720	25	5	0.20569396018981934	tensor(0.9907, dtype=torch.float64)	
31.122448979591837	qaoa_100.qasm	100	1720	25	5	0.18957853317260742	tensor(0.9859, dtype=torch.float64)	
31.3265306122449	qaoa_100.qasm	100	1720	25	5	0.1676170825958252	tensor(0.9848, dtype=torch.float64)	
31.53061224489796	qaoa_100.qasm	100	1720	25	5	0.26633644104003906	tensor(0.9885, dtype=torch.float64)	
31.73469387755102	qaoa_100.qasm	100	1720	25	5	0.2850203514099121	tensor(0.9950, dtype=torch.float64)	
31.93877551020408	qaoa_100.qasm	100	1720	25	5	0.28499794006347656	tensor(0.9885, dtype=torch.float64)	
32.142857142857146	qaoa_100.qasm	100	1720	25	5	0.194352388381958	tensor(0.9873, dtype=torch.float64)	
32.3469387755102	qaoa_100.qasm	100	1720	25	5	0.2048635482788086	tensor(0.9817, dtype=torch.float64)	
32.55102040816327	qaoa_100.qasm	100	1720	25	5	0.2928903102874756	tensor(0.9880, dtype=torch.float64)	
32.755102040816325	qaoa_100.qasm	100	1720	25	5	0.2857778072357178	tensor(0.9928, dtype=torch.float64)	
32.95918367346939	qaoa_100.qasm	100	1720	25	5	0.20700502395629883	tensor(0.9882, dtype=torch.float64)	
33.16326530612245	qaoa_100.qasm	100	1720	25	5	0.17256402969360352	tensor(0.9854, dtype=torch.float64)	
33.36734693877551	qaoa_100.qasm	100	1720	25	5	0.17427992820739746	tensor(0.9904, dtype=torch.float64)	
33.57142857142857	qaoa_100.qasm	100	1720	25	5	0.2904369831085205	tensor(0.9889, dtype=torch.float64)	
33.775510204081634	qaoa_100.qasm	100	1720	25	5	0.2781496047973633	tensor(0.9856, dtype=torch.float64)	
33.9795918367347	qaoa_100.qasm	100	1720	25	5	0.2592184543609619	tensor(0.9884, dtype=torch.float64)	
34.183673469387756	qaoa_100.qasm	100	1720	25	5	0.1954517364501953	tensor(0.9857, dtype=torch.float64)	
34.38775510204081	qaoa_100.qasm	100	1720	25	5	0.17310142517089844	tensor(0.9923, dtype=torch.float64)	
34.59183673469388	qaoa_100.qasm	100	1720	25	5	0.20034265518188477	tensor(0.9924, dtype=torch.float64)	
34.79591836734694	qaoa_100.qasm	100	1720	25	5	0.20506834983825684	tensor(0.9936, dtype=torch.float64)	
35.0	qaoa_100.qasm	100	1720	25	5	0.4614138603210449	tensor(0.9880, dtype=torch.float64)	