
qaoa_100.qasm	100	2720	42	3	17.410432815551758	8.864020628607055e-16	
qaoa_100.qasm	100	2720	42	4	15.313227891921997	8.872897967465495e-16	
qaoa_100.qasm	100	2720	42	5	16.833229780197144	8.872897967465486e-16	
qaoa_100.qasm	100	2720	42	6	17.26531147956848	8.881784197001035e-16	
qaoa_100.qasm	100	2720	42	10	30.031113624572754	8.872897967465483e-16	
qaoa_100.qasm	100	2720	42	12	87.74061894416809	8.872897967465494e-16	
qaoa_100.qasm	100	2720	42	14	57.62323236465454	8.872897967465489e-16	


qaoa_196.qasm	196	5488	42	2	336.47242522239685	3.152286597961505e-30	
qaoa_225.qasm	225	6330	42	2	925.8719239234924	1.361838123766369e-34	
qaoa_100.qasm	100	2720	42	16	
qaoa_100.qasm	100	2720	42	8	20.39353108406067	8.881784197001036e-16	
qaoa_100.qasm	100	2720	42	14	131.06807351112366	8.846292587349819e-16	


bv_n2.qasm	2	5	4	1	0.007760047912597656	0.9996666110925845	
bv_n2.qasm	2	5	4	1	
bv_n2.qasm	2	5	4	1	
bv_n2.qasm	2	5	4	1	
bv_n2.qasm	2	5	4	1	
bv_n2.qasm	2	5	4	1	