
bv_n4.qasm	4	11	6	0	0.012300491333007812	0.9999999999999992	
bv_n100.qasm	100	299	102	0	0.465850830078125	0.999999999999978	
bv_n500.qasm	500	1499	502	0	13.459512710571289	0.9999999999998895	
cx.qasm	50	491	38	0	
qft_n7.qasm	7	112	45	0	0.09025073051452637	0.9999999999999988	
qft_n35.qasm	35	630	69	0	2701.665061235428	0.9999999999999971	
simple.qasm	2	1	1	0	0.004227638244628906	1.0	
RandomClifford_q3_0_0.qasm	3	21	16	0	0.016788005828857422	nan	
bv_n14.qasm	14	41	16	0	0.036414384841918945	0.9999999999999971	
bv_n12.qasm	12	35	14	0	0.03060460090637207	0.9999999999999974	

qft_n8.qasm	8	148	53	0	0.10535144805908203	0.9999999999999983	
qft_n28.qasm	28	406	55	0	18.188616275787354	0.9999999999999958	
qft_n34.qasm	34	595	67	0	
bv_n50.qasm	50	149	52	0	0.15813446044921875	0.9999999999999893	
bv_n13.qasm	13	38	15	0	0.03016519546508789	0.9999999999999973	

qft_n29.qasm	29	435	57	0	5.426296710968018	0.9999999999999941	

bcx_30.qasm	30	290	38	0	
RandomClifford_q15_0_0.qasm	15	283	221	0	0.4994792938232422	0.0	
qft_n1.qasm	1	1	1	0	0.0026502609252929688	0.9999999999999998	

qft_n40.qasm	40	820	79	0	


RandomClifford_q3_0_1.qasm	3	10	5	0	0.0077877044677734375	0.0	
bv_n3.qasm	3	8	5	0	0.006720542907714844	0.9999999999999996	
bv_n11.qasm	11	32	13	0	0.026358366012573242	0.9999999999999978	
qft_n14.qasm	14	469	101	0	0.4345071315765381	0.9999999999999972	
RandomClifford_q5_0_0.qasm	5	38	24	0	0.023974180221557617	nan	
RandomClifford_q4_0_0.qasm	4	27	19	0	0.015708446502685547	1.1496735851465456e-17	
qft_n27.qasm	27	378	53	0	13.089558124542236	0.9999999999999958	
bv_n15.qasm	15	44	17	0	0.03457069396972656	0.9999999999999969	
cnot.qasm	2	1	1	0	0.0033054351806640625	1.0	
qft_n11.qasm	11	286	77	0	0.20613455772399902	0.9999999999999978	
qft_n22.qasm	22	253	43	0	0.4099133014678955	0.9999999999999963	
bv_n30.qasm	30	89	32	0	0.08067560195922852	0.9999999999999938	
bv_n5.qasm	5	14	7	0	0.010389328002929688	0.999999999999999	

bv_n19.qasm	19	56	21	0	0.0437774658203125	0.9999999999999961	
RandomClifford_q10_0_1.qasm	10	135	57	0	0.08331775665283203	0.031249999999999906	

qft_n6.qasm	6	81	37	0	0.045548439025878906	0.9999999999999987	
bv_n5000.qasm	5000	14999	5002	0	649.0682790279388	0.9999999999988928	

bv_n8.qasm	8	23	10	0	0.01739192008972168	0.9999999999999984	
inst_12x12_10_0.qasm	144	1081	11	0	2.8593804836273193	1.7955634905358822e-23	
adder_4.qasm	2	15	10	0	0.010837316513061523	0.9999999999999997	
qft_n5.qasm	5	55	29	0	0.030496835708618164	0.999999999999999	
qft_n32.qasm	32	528	63	0	127.54644799232483	0.9999999999999941	
qft_n100.qasm	100	5050	199	0	
qft_n2.qasm	2	7	5	0	0.01007223129272461	0.9999999999999996	
bv_n10.qasm	10	29	12	0	0.025713682174682617	0.999999999999998	
qft_n4.qasm	4	34	21	0	0.022048473358154297	0.9999999999999992	
cx_40.qasm	40	387	36	0	
bv_n16.qasm	16	47	18	0	0.0435178279876709	0.9999999999999967	
bv_n9.qasm	9	26	11	0	0.027132511138916016	0.9999999999999981	
bv_n80.qasm	80	239	82	0	0.2957432270050049	0.9999999999999829	
bv_n2000.qasm	2000	5999	2002	0	143.42859625816345	0.9999999999995586	
random_cliffd.qasm	5	36	19	0	0.023821592330932617	0.17677669529663675	
bv_n2.qasm	2	5	4	0	0.010936737060546875	0.9999999999999997	
RandomClifford_q10_0_0.qasm	10	141	107	0	0.1156919002532959	0.03124999999999995	
qft_n13.qasm	13	403	93	0	0.3184354305267334	0.9999999999999974	
qft_n15.qasm	15	540	109	0	0.5960602760314941	0.9999999999999976	
inst_8x8_10_0.qasm	64	1116	40	0	1.9493792057037354	3.9152333270126407e-10	
cx_h_40.qasm	40	430	37	0	

qft_n9.qasm	9	189	61	0	0.12332034111022949	0.9999999999999983	

bv_n6.qasm	6	17	8	0	0.012411355972290039	0.9999999999999988	

qft_n30.qasm	30	465	59	0	63.00900077819824	0.9999999999999942	
my.qasm	2	4	4	0	0.004636049270629883	0.0	
qmy.qasm	1	2	2	0	0.0034360885620117188	0.9999999999999998	
RandomClifford_q15_0_1.qasm	15	261	121	0	0.2849736213684082	7.725114879138795e-19	
qft_n12.qasm	12	342	85	0	0.2649245262145996	0.9999999999999978	
inst_7x7_10_0.qasm	49	839	40	0	1.4290282726287842	5.8355370255429324e-08	
qft_n3.qasm	3	18	13	0	0.010868549346923828	0.9999999999999993	
bv_n7.qasm	7	20	9	0	0.01480555534362793	0.9999999999999987	
RandomClifford_q4_0_1.qasm	4	28	17	0	0.016768217086791992	0.0	
inst_9x9_10_0.qasm	81	1417	40	0	3.191326856613159	9.098629140344556e-13	
011_3_qubit_grover_50_.qasm	3	96	55	0	0.05014777183532715	0.17677669529663642	
h.qasm	2	2	1	0	0.0032765865325927734	0.0	
cx_30.qasm	30	290	38	0	

qft_n25.qasm	25	325	49	0	6.629358768463135	0.9999999999999961	
RandomClifford_q5_0_1.qasm	5	33	20	0	0.03235483169555664	nan	
qft_n10.qasm	10	235	69	0	0.22169780731201172	0.9999999999999981	

qft_n50.qasm	50	1275	99	0	
qft_n16.qasm	16	616	117	0	1.3735237121582031	0.9999999999999974	
cx_h.qasm	30	317	34	0	

bv_n200.qasm	200	599	202	0	2.1514744758605957	0.9999999999999559	
inst_10x10_10_0.qasm	100	746	11	0	1.947599172592163	3.8287965718645855e-17	

qft_n20.qasm	20	970	149	0	2.4619367122650146	0.9999999999999967	
bv_n1000.qasm	1000	2999	1002	0	43.90300917625427	0.9999999999997811	

7x1mod15.qasm	5	14	10	0	0.01824808120727539	0.0	

RandomClifford


rand_cliff_13_AG.qasm	13	197	148	2	0.4807584285736084	0.011048543456039778	
rand_cliff_14_GD.qasm	14	227	98	2	0.2446587085723877	0.007812499999999957	
rand_cliff_20_GD.qasm	20	430	168	2	32.690248012542725	0.0009765624999999907	
rand_cliff_6_AG.qasm	6	53	36	2	0.03806352615356445	0.12499999999999986	
rand_cliff_18_AG.qasm	18	377	276	2	111.40074300765991	0.0019511708974597093	

rand_cliff_7_AG.qasm	7	83	62	2	0.06274294853210449	0.005588306243099727	
rand_cliff_11_GD.qasm	11	141	59	2	0.12236785888671875	0.02207497876556163	
rand_cliff_13_GD.qasm	13	193	87	2	0.18428325653076172	0.011048543456039759	
rand_cliff_30_AD.qasm	30	1034	785	2	
rand_cliff_13_AG.qasm	13	197	148	2	0.3086700439453125	0.011026446369127701	
rand_cliff_14_GD.qasm	14	227	98	2	0.19400668144226074	0.00780468358983882	
rand_cliff_20_GD.qasm	20	430	168	2	63.662874698638916	0.0009746093749999913	
rand_cliff_6_AG.qasm	6	53	36	2	0.04111623764038086	0.12499999999999985	
rand_cliff_18_AG.qasm	18	377	276	2	65.27761340141296	0.001951170897459709	

rand_cliff_7_AG.qasm	7	83	62	2	0.054648637771606445	0.005590169943749472	
rand_cliff_11_GD.qasm	11	141	59	2	0.10098528861999512	0.02209708691207954	
rand_cliff_13_GD.qasm	13	193	87	2	0.16388750076293945	0.01104854345603976	
rand_cliff_30_AD.qasm	30	1034	785	2	maximum supported dimension for an ndarray is 32, found 34

rand_cliff_14_AG.qasm	14	259	186	2	2.535996437072754	0.007812499999999982	
rand_cliff_10_GD.qasm	10	128	60	2	0.08095550537109375	0.031249999999999906	
rand_cliff_9_AG.qasm	9	107	83	2	0.07191658020019531	0.00228141647033393	
rand_cliff_11_AG.qasm	11	160	118	2	0.13767623901367188	0.022074978765561668	
rand_cliff_17_AG.qasm	17	354	273	2	56.83995079994202	0.0027621358640099445	
rand_cliff_18_GD.qasm	18	366	137	2	2.4946646690368652	0.0019531249999999844	
rand_cliff_30_GD.qasm	30	931	348	2	maximum supported dimension for an ndarray is 32, found 33

rand_cliff_3_GD.qasm	3	11	9	2	0.011562585830688477	0.35319966024898714	
rand_cliff_16_AG.qasm	16	296	230	2	609.0370230674744	0.0039062499999999896	
rand_cliff_35_AD.qasm	35	1337	1031	2	maximum supported dimension for an ndarray is 32, found 33

rand_cliff_35_GD.qasm	35	1262	413	2	maximum supported dimension for an ndarray is 32, found 33

rand_cliff_1_GD.qasm	1	3	3	2	0.004086494445800781	0.7071067811865475	
rand_cliff_12_AG.qasm	12	180	134	2	0.7302320003509521	0.0006980721219902698	
rand_cliff_15_AG.qasm	15	263	194	2	0.7483758926391602	0.007796874999999981	
rand_cliff_17_GD.qasm	17	311	133	2	5.359596252441406	0.0027621358640099345	


inst_4x5_10_3.qasm	20	105	9	2	0.08961653709411621	0.0011056665049476518	
inst_4x4_10_3.qasm	16	83	9	2	0.07223677635192871	0.0005759478420838089	
inst_6x6_10_0.qasm	36	139	5	2	0.14099550247192383	0.0022646299782384327	
inst_4x5_10_0.qasm	20	145	11	2	0.12257194519042969	0.00012573238795144913	
inst_4x5_10_1.qasm	20	145	11	2	0.12189221382141113	0.0036149730846929415	
inst_4x5_10_2.qasm	20	145	11	2	0.12304854393005371	0.0001207251800636888	
inst_6x6_10_3.qasm	36	139	5	2	0.13282227516174316	0.004535675149088212	
inst_6x6_10_1.qasm	36	139	5	2	0.14042305946350098	0.00906509068791113	
inst_4x4_10_0.qasm	16	83	9	2	0.07251548767089844	0.0007462423754551045	
inst_4x5_10_4.qasm	20	145	11	2	0.13016867637634277	0.0006375015709775508	
inst_4x4_10_4.qasm	16	83	9	2	0.06923031806945801	nan	
inst_4x4_10_1.qasm	16	83	9	2	0.07006216049194336	nan	
inst_7x7_10_0.qasm	49	189	5	2	0.2102346420288086	0.0005393910825560314	
inst_7x7_10_4.qasm	49	189	5	2	0.2022535800933838	0.001992265485109077	
inst_6x6_10_4.qasm	36	139	5	2	0.1376049518585205	0.012822410603002323	
inst_7x7_10_2.qasm	49	189	5	2	0.2004098892211914	0.0012030402590843482	
inst_4x4_10_2.qasm	16	83	9	2	0.06917333602905273	0.000701204612151418	
inst_7x7_10_3.qasm	49	189	5	2	0.2225332260131836	0.0008511766791180554	
inst_6x6_10_2.qasm	36	139	5	2	0.14271068572998047	0.0034714554682922366	
4mod5-v0_20.qasm	5	20	12	2	0.03135824203491211	0.0	
alu-v2_31.qasm	5	451	255	2	0.4524533748626709	0.018248287590894443	
sym6_316.qasm	14	270	135	2	0.24895954132080078	nan	
sys6-v0_111.qasm	10	215	75	2	0.1900770664215088	0.9989999999999957	
4gt5_76.qasm	5	91	56	2	0.07757377624511719	0.9994998749374592	
sym9_146.qasm	12	328	127	2	0.3066096305847168	0.9991666527661869	
3_17_13_2.qasm	3	38	23	2	0.04439139366149902	nan	
cnt3-5_179.qasm	16	175	61	2	0.14634108543395996	0.9989999999999968	
hwb6_56.qasm	7	6723	3736	2	58.137086391448975	0.9994998749373195	
rd32-v0_66.qasm	4	34	20	2	0.042397260665893555	0.9989999999999993	
0410184_169.qasm	14	211	104	2	0.19021391868591309	0.9994998749374565	
graycode6_47.qasm	6	5	5	2	0.02252507209777832	0.9991666527661939	
con1_216.qasm	9	954	508	2	1.8379695415496826	nan	
sqn_258.qasm	10	10223	5458	2	131.7809681892395	nan	
rd53_133.qasm	7	580	327	2	0.6616635322570801	0.9989999999999877	
decod24-v3_45.qasm	5	150	84	2	0.1318507194519043	0.0	
4gt5_77.qasm	5	131	74	2	0.12299299240112305	3.05116612443532e-16	
ex-1_166.qasm	3	19	12	2	0.03580474853515625	nan	
4mod5-bdd_287.qasm	7	70	41	2	0.06445455551147461	0.0	
4gt4-v0_72.qasm	6	258	137	2	0.24563860893249512	1.3686108147111894e-16	
majority_239.qasm	7	612	344	2	0.8241627216339111	0.0	
decod24-v0_38.qasm	4	51	30	2	0.053046464920043945	nan	
4gt13_92.qasm	5	66	38	2	0.06358098983764648	0.9999999999999987	
rd84_142.qasm	15	343	110	2	0.33466339111328125	0.9990001668334791	
sf_276.qasm	6	778	435	2	1.3255252838134766	0.0	
cm42a_207.qasm	14	1776	940	2	5.089196443557739	0.0	
alu-v0_26.qasm	5	84	49	2	0.08086013793945312	5.062381467103746e-16	
cnt3-5_180.qasm	16	485	209	2	0.5366265773773193	0.9989999999999902	
3_17_13.qasm	3	36	22	2	0.04751777648925781	0.0	
mod8-10_178.qasm	6	342	193	2	0.3278689384460449	nan	