
shor_15_7.qasm	8	28451	14505	2	
shor_15_7.qasm	8	63	33	2	0.05495500564575195	0.13935618078752537	
shor_15_7.qasm	8	28451	14505	2	

shor_15_7.qasm	8	28451	14505	2	


pe_20.qasm	21	1090	232	2	2.282092571258545	0.9991666527661909	
pe_30.qasm	31	2385	352	2	42.40597224235535	0.9994998749374551	
pe_40.qasm	41	4180	472	2	'QuantumCircuitData' object is not callable

pe_40.qasm	41	4180	472	2	
pe_40.qasm	41	4180	472	2	
pe_40.qasm	41	4180	472	2	
pe_40.qasm	41	4180	472	2	

qaoa_54.qasm	54	1340	244	2	1.533982753753662	1.3408557388012582e-11	
qaoa_64.qasm	64	13974	975	2	
