bv_n4.qasm	4	11	6	2	0.05031299591064453	0.06507205963134766	(-0.7061642864146456+0j)
bv_n100.qasm	100	299	102	2	5.288102388381958	8.549837112426758	(-0.7061642864146364+0j)
bv_n500.qasm		Time out!
cx.qasm	50	491	38	2	2656.0265967845917	2669.1759009361267	0j
simple.qasm	2	2	1	2	0.008565664291381836	0.060379981994628906	(0.9973351111111111+0j)
RandomClifford_q3_0_0.qasm	3	21	16	2	0.06450772285461426	0.16437244415283203	(-2.9433319766890004e-05-9.820927516479338e-09j)
bv_n14.qasm	14	41	16	2	0.13273000717163086	0.5729732513427734	(-0.7061642864146447+0j)
bv_n12.qasm	12	35	14	2	0.10415983200073242	0.4498434066772461	(-0.7061642864146448+0j)
bv_n50.qasm	50	149	52	2	1.4774489402770996	7.97971510887146	(-0.7061642864146411+0j)
bv_n13.qasm	13	38	15	2	0.11819744110107422	0.5083954334259033	(-0.7061642864146448+0j)
bcx_30.qasm	30	290	38	2	47.37738060951233	50.785019874572754	(2.87530670843811e-08-2.87530670843811e-08j)
RandomClifford_q15_0_0.qasm	15	283	221	2	1.8140158653259277	2.136481523513794	(-1.2836487318024795e-12+5.716532187349824e-19j)
	Error!
RandomClifford_q3_0_1.qasm	3	10	5	2	0.025936126708984375	0.07966279983520508	(-0.2495834999999999+8.327777777777773e-05j)
bv_n3.qasm	3	8	5	2	0.021291494369506836	0.07506275177001953	(-0.7061642864146457+0j)
bv_n11.qasm	11	32	13	2	0.08385300636291504	0.46712708473205566	(-0.7061642864146449+0j)
RandomClifford_q5_0_0.qasm	5	38	24	2	0.10493755340576172	0.22113585472106934	(0.0002434899631076384+0j)
RandomClifford_q4_0_0.qasm	4	27	19	2	0.11976480484008789	0.2125074863433838	(-5.203124999999993e-06-1.736111111111037e-09j)
bv_n15.qasm	15	44	17	2	0.15279889106750488	0.6415541172027588	(-0.7061642864146446+0j)
bv_n30.qasm	30	89	32	2	0.5740666389465332	2.4441919326782227	(-0.7061642864146431+0j)
bv_n5.qasm	5	14	7	2	0.04194021224975586	0.18018746376037598	(-0.7061642864146456+0j)
bv_n19.qasm	19	56	21	2	0.23089122772216797	0.9075140953063965	(-0.7061642864146441+0j)
RandomClifford_q10_0_1.qasm	10	135	57	2	0.7172701358795166	1.1196751594543457	(-4.206261100967004e-08-2.1031282089919183e-08j)
bv_n8.qasm	8	23	10	2	0.08845210075378418	0.2885599136352539	(-0.7061642864146452+0j)
adder_4.qasm		Error!
bv_n10.qasm	10	29	12	2	0.11288785934448242	0.3782663345336914	(-0.706164286414645+0j)
cx_40.qasm	40	387	36	2	112.0097062587738	119.76070308685303	0j
bv_n16.qasm	16	47	18	2	0.17597651481628418	0.7117159366607666	(-0.7061642864146445+0j)
bv_n9.qasm	9	26	11	2	0.06494617462158203	0.297837495803833	(-0.7061642864146451+0j)
bv_n80.qasm	80	239	82	2	3.769669532775879	34.84096956253052	(-0.7061642864146382+0j)
random_cliffd.qasm	5	36	19	2	0.06499409675598145	0.17972588539123535	(-2.967510447533987e-23+0.002760293826292637j)
bv_n2.qasm	2	5	4	2	0.016663551330566406	0.10336923599243164	(-0.7056931961635353+1.5713484026367719e-07j)
RandomClifford_q10_0_0.qasm	10	141	107	2	0.6203832626342773	0.8307065963745117	0j
cx_h_40.qasm	40	430	37	2	2497.428335428238	2506.5625672340393	0j
bv_n6.qasm	6	17	8	2	0.042050838470458984	0.18575096130371094	(-0.7061642864146455+0j)
RandomClifford_q15_0_1.qasm	15	261	121	2	4.009062051773071	5.132154226303101	(2.0210993372731555e-19-9.076765208091091e-13j)
bv_n7.qasm	7	20	9	2	0.04675650596618652	0.19911980628967285	(-0.7061642864146453+0j)
RandomClifford_q4_0_1.qasm	4	28	17	2	0.06375932693481445	0.17315316200256348	(2.9438230230648245e-05-1.470683895592852e-05j)
011_3_qubit_grover_50_.qasm		Error!
cx_30.qasm	30	290	38	2	36.29905128479004	39.60312271118164	(2.87530670843811e-08-2.87530670843811e-08j)
RandomClifford_q5_0_1.qasm	5	33	20	2	0.06767845153808594	0.14913463592529297	(1.4731391274719722e-05+1.4721570347203243e-05j)
cx_h.qasm	30	317	34	2	20.259525060653687	24.97428297996521	0j
bv_n200.qasm	200	599	202	2	23.618953943252563	835.468469619751	(-0.7061642864146267+0j)
bv_n1000.qasm		Time out!
7x1mod15.qasm	5	14	10	2	0.02381157875061035	0.1319103240966797	0j



bv_n4.qasm	4	11	6	2	0.039667367935180664	0.04102206230163574	(-0.7061642864146458+0j)
bv_n100.qasm	100	299	102	2	4.762742280960083	4.9626312255859375	(-0.7061642864146364+6.776263578034403e-21j)
bv_n500.qasm	500	1499	502	2	154.16529035568237	780.3704204559326	(-0.7061642864145976+6.776263578034403e-21j)
cx.qasm	50	491	38	2	3171.107370853424	3171.9648609161377	0j
simple.qasm	2	2	1	2	0.004895925521850586	0.009375333786010742	(0.9973351111111112+0j)
RandomClifford_q3_0_0.qasm	3	21	16	2	0.07049369812011719	0.07718443870544434	(-2.94333197668889e-05-9.820927516478861e-09j)
bv_n14.qasm	14	41	16	2	0.13138961791992188	0.1596827507019043	(-0.7061642864146449-6.776263578034403e-21j)
bv_n12.qasm	12	35	14	2	0.10004878044128418	0.1231086254119873	(-0.7061642864146449+0j)
bv_n50.qasm	50	149	52	2	1.5621564388275146	2.03312611579895	(-0.7061642864146414+0j)
bv_n13.qasm	13	38	15	2	0.11640548706054688	0.14208769798278809	(-0.7061642864146449+0j)
bcx_30.qasm	30	290	38	2	52.2876832485199	52.5079710483551	(2.8753067084381102e-08-2.8753067084381102e-08j)
RandomClifford_q15_0_0.qasm	15	283	221	2	2.009680986404419	2.031315326690674	(-1.2836487318024795e-12+5.7165321873489385e-19j)
	Error!
RandomClifford_q3_0_1.qasm	3	10	5	2	0.03426241874694824	0.039861202239990234	(-0.2495834999999999+8.327777777777775e-05j)
bv_n3.qasm	3	8	5	2	0.022994279861450195	0.028255701065063477	(-0.7061642864146458+0j)
bv_n11.qasm	11	32	13	2	0.12556815147399902	0.1457664966583252	(-0.7061642864146451+0j)
RandomClifford_q5_0_0.qasm	5	38	24	2	0.15163755416870117	0.1642458438873291	(0.00024348996310763843+0j)
RandomClifford_q4_0_0.qasm	4	27	19	2	0.11274480819702148	0.11841273307800293	(-5.203124999999999e-06-1.7361111111107533e-09j)
bv_n15.qasm	15	44	17	2	0.19970297813415527	0.23592400550842285	(-0.7061642864146448+0j)
bv_n30.qasm	30	89	32	2	0.66457200050354	0.7826848030090332	(-0.7061642864146433+0j)
bv_n5.qasm	5	14	7	2	0.04252123832702637	0.05423998832702637	(-0.7061642864146458+0j)
bv_n19.qasm	19	56	21	2	0.2727670669555664	0.3153207302093506	(-0.7061642864146443+6.776263578034403e-21j)
RandomClifford_q10_0_1.qasm	10	135	57	2	0.7500677108764648	0.7768604755401611	(-4.206261100967004e-08-2.1031282089919183e-08j)
bv_n8.qasm	8	23	10	2	0.05610918998718262	0.06873416900634766	(-0.7061642864146453+0j)
adder_4.qasm		Error!
bv_n10.qasm	10	29	12	2	0.08130741119384766	0.09909605979919434	(-0.7061642864146452-6.776263578034403e-21j)
cx_40.qasm	40	387	36	2	122.02290558815002	122.51407074928284	0j
bv_n16.qasm	16	47	18	2	0.2129960060119629	0.24730253219604492	(-0.7061642864146447+0j)
bv_n9.qasm	9	26	11	2	0.1001126766204834	0.11644387245178223	(-0.7061642864146452+0j)
bv_n80.qasm	80	239	82	2	4.105720043182373	6.122833490371704	(-0.7061642864146385+6.776263578034403e-21j)
random_cliffd.qasm	5	36	19	2	0.0733480453491211	0.08094120025634766	(2.117582368135751e-22+0.002760293826292637j)
bv_n2.qasm	2	5	4	2	0.01578998565673828	0.020901203155517578	(-0.7056931961635353+1.5713484026366178e-07j)
RandomClifford_q10_0_0.qasm	10	141	107	2	0.7183926105499268	0.7323899269104004	0j
cx_h_40.qasm	40	430	37	2	2077.7256186008453	2078.2786128520966	0j
bv_n6.qasm	6	17	8	2	0.03913426399230957	0.047727108001708984	(-0.7061642864146457+0j)
RandomClifford_q15_0_1.qasm	15	261	121	2	3.540768623352051	3.5992565155029297	(2.0210993372725108e-19-9.076765208091091e-13j)
bv_n7.qasm	7	20	9	2	0.042693376541137695	0.05203509330749512	(-0.7061642864146456-6.776263578034403e-21j)
RandomClifford_q4_0_1.qasm	4	28	17	2	0.06388401985168457	0.07072663307189941	(2.9438230230648506e-05-1.4706838955928892e-05j)
011_3_qubit_grover_50_.qasm		Error!
cx_30.qasm	30	290	38	2	32.193647384643555	32.39305639266968	(2.8753067084381102e-08-2.8753067084381102e-08j)
RandomClifford_q5_0_1.qasm	5	33	20	2	0.06122994422912598	0.06620025634765625	(1.4731391274718766e-05+1.4721570347203245e-05j)
cx_h.qasm	30	317	34	2	18.53840160369873	18.830264806747437	0j
bv_n200.qasm	200	599	202	2	23.02787685394287	69.006756067276	(-0.7061642864146268+0j)
bv_n1000.qasm	1000	2999	1002	2	719.6779310703278	2237.836416721344	(-0.7061642864145494+0j)
7x1mod15.qasm	5	14	10	2	0.027666807174682617	0.03393697738647461	0j



bv_n4.qasm	4	11	6	2	3	0.061086416244506836	0.06211209297180176	(-0.7061642864146458+0j)
bv_n100.qasm	100	299	102	2	99	3.7687809467315674	3.9367380142211914	(-0.7061642864146364+6.776263578034403e-21j)
bv_n500.qasm	500	1499	502	2	499	123.14016056060791	401.724812746048	(-0.7061642864145976+6.776263578034403e-21j)
cx.qasm	50	491	38	2	96	1153.6277208328247	1154.3039348125458	0j
simple.qasm	2	2	1	2	2	0.0030639171600341797	0.0058896541595458984	(0.9973351111111112+0j)
RandomClifford_q3_0_0.qasm	3	21	16	2	4	0.052152156829833984	0.057689666748046875	(-2.94333197668889e-05-9.820927516478861e-09j)
bv_n14.qasm	14	41	16	2	13	0.10910487174987793	0.13230633735656738	(-0.7061642864146449-6.776263578034403e-21j)
bv_n12.qasm	12	35	14	2	11	0.08421516418457031	0.10286283493041992	(-0.7061642864146449+0j)
	Error!
bv_n50.qasm	50	149	52	2	49	1.2637288570404053	1.6321978569030762	(-0.7061642864146414+0j)
bv_n13.qasm	13	38	15	2	12	0.10390162467956543	0.12487626075744629	(-0.7061642864146449+0j)
	Error!
	Error!
bcx_30.qasm	30	290	38	2	55	36.0401771068573	36.21749472618103	(2.8753067084381102e-08-2.8753067084381102e-08j)
RandomClifford_q15_0_0.qasm	15	283	221	2	9	1.4696006774902344	1.487001657485962	(-1.2836487318024795e-12+5.7165321873489385e-19j)
	Error!
	Error!
	Error!
RandomClifford_q3_0_1.qasm	3	10	5	2	2	0.01710820198059082	0.020125627517700195	(-0.2495834999999999+8.327777777777775e-05j)
bv_n3.qasm	3	8	5	2	2	0.02101874351501465	0.02401447296142578	(-0.7061642864146458+0j)
bv_n11.qasm	11	32	13	2	10	0.07232475280761719	0.08865904808044434	(-0.7061642864146451+0j)
RandomClifford_q5_0_0.qasm	5	38	24	2	4	0.09145092964172363	0.09769201278686523	(0.00024348996310763843+0j)
RandomClifford_q4_0_0.qasm	4	27	19	2	3	0.05676889419555664	0.06138253211975098	(-5.203124999999999e-06-1.7361111111107533e-09j)
bv_n15.qasm	15	44	17	2	14	0.12433266639709473	0.15017485618591309	(-0.7061642864146448+0j)
bv_n30.qasm	30	89	32	2	29	0.46931004524230957	0.562950611114502	(-0.7061642864146433+0j)
bv_n5.qasm	5	14	7	2	4	0.024254322052001953	0.030510663986206055	(-0.7061642864146458+0j)
	Error!
bv_n19.qasm	19	56	21	2	18	0.1910545825958252	0.2258436679840088	(-0.7061642864146443+6.776263578034403e-21j)
RandomClifford_q10_0_1.qasm	10	135	57	2	14	0.6935539245605469	0.7174975872039795	(-4.206261100967004e-08-2.1031282089919183e-08j)
	Error!
	Error!
bv_n8.qasm	8	23	10	2	7	0.04396653175354004	0.054906368255615234	(-0.7061642864146453+0j)
inst_12x12_10_0.qasm		Error!
adder_4.qasm		Error!
bv_n10.qasm	10	29	12	2	9	0.06343579292297363	0.07886958122253418	(-0.7061642864146452-6.776263578034403e-21j)
cx_40.qasm	40	387	36	2	86	94.72168231010437	95.52328085899353	0j
bv_n16.qasm	16	47	18	2	15	0.13260555267333984	0.16057252883911133	(-0.7061642864146447+0j)
bv_n9.qasm	9	26	11	2	8	0.04834437370300293	0.06040310859680176	(-0.7061642864146452+0j)
bv_n80.qasm	80	239	82	2	79	3.063539743423462	4.6763458251953125	(-0.7061642864146385+6.776263578034403e-21j)
random_cliffd.qasm	5	36	19	2	4	0.0528721809387207	0.05892491340637207	(2.117582368135751e-22+0.002760293826292637j)
bv_n2.qasm	2	5	4	2	2	0.009165287017822266	0.011932611465454102	(-0.7056931961635353+1.5713484026366178e-07j)
RandomClifford_q10_0_0.qasm	10	141	107	2	7	0.4888002872467041	0.499758243560791	0j
inst_8x8_10_0.qasm		Error!
cx_h_40.qasm	40	430	37	2	99	898.5053820610046	898.9778089523315	0j
	Error!
	Error!
bv_n6.qasm	6	17	8	2	5	0.025733232498168945	0.03313016891479492	(-0.7061642864146457+0j)
	Error!
RandomClifford_q15_0_1.qasm	15	261	121	2	27	2.890688896179199	2.944126844406128	(2.0210993372725108e-19-9.076765208091091e-13j)
inst_7x7_10_0.qasm		Error!
bv_n7.qasm	7	20	9	2	6	0.03484058380126953	0.0430607795715332	(-0.7061642864146456-6.776263578034403e-21j)
RandomClifford_q4_0_1.qasm	4	28	17	2	4	0.12209010124206543	0.12796950340270996	(2.9438230230648506e-05-1.4706838955928892e-05j)
inst_9x9_10_0.qasm		Error!
011_3_qubit_grover_50_.qasm		Error!
cx_30.qasm	30	290	38	2	55	26.02303123474121	26.190778255462646	(2.8753067084381102e-08-2.8753067084381102e-08j)
	Error!
RandomClifford_q5_0_1.qasm	5	33	20	2	3	0.05203557014465332	0.05643153190612793	(1.4731391274718766e-05+1.4721570347203245e-05j)
	Error!
cx_h.qasm	30	317	34	2	76	15.087336301803589	15.325175523757935	0j
	Error!
bv_n200.qasm	200	599	202	2	199	19.076597929000854	48.36548113822937	(-0.7061642864146268+0j)
inst_10x10_10_0.qasm		Error!
	Error!
bv_n1000.qasm	1000	2999	1002	2	999	618.9481370449066	1469.8763122558594	(-0.7061642864145494+0j)
	Error!
7x1mod15.qasm	5	14	10	2	2	0.027150630950927734	0.03276467323303223	0j



bv_n4.qasm	4	11	6	2	3	0.08087730407714844	0.08322620391845703	(-0.7061642864146458+0j)
bv_n100.qasm	100	299	102	2	Timed out!
bv_n500.qasm	500	1499	502	2	Timed out!
cx.qasm	50	491	38	2	Timed out!
simple.qasm	2	2	1	2	2	0.013794183731079102	0.018178224563598633	(0.9973351111111112+0j)
RandomClifford_q3_0_0.qasm	3	21	16	2	4	0.0744173526763916	0.0810251235961914	(-2.94333197668889e-05-9.820927516478861e-09j)
bv_n14.qasm	14	41	16	2	13	0.13506484031677246	0.15919089317321777	(-0.7061642864146449-6.776263578034403e-21j)
bv_n12.qasm	12	35	14	2	11	0.10856056213378906	0.13086795806884766	(-0.7061642864146449+0j)
bv_n4.qasm	4	11	6	2	3	0.046982526779174805	0.04833817481994629	(-0.7061642864146458+0j)
bv_n100.qasm	100	299	102	2	Timed out!
bv_n500.qasm	500	1499	502	2	Timed out!
cx.qasm	50	491	38	2	Timed out!
simple.qasm	2	2	1	2	2	0.008232593536376953	0.011419534683227539	(0.9973351111111112+0j)
RandomClifford_q3_0_0.qasm	3	21	16	2	4	0.06806230545043945	0.07432818412780762	(-2.94333197668889e-05-9.820927516478861e-09j)
bv_n14.qasm	14	41	16	2	13	0.13458895683288574	0.15755248069763184	(-0.7061642864146449-6.776263578034403e-21j)
bv_n12.qasm	12	35	14	2	11	0.1043555736541748	0.12385940551757812	(-0.7061642864146449+0j)
bv_n4.qasm	4	11	6	2	3	0.03091597557067871	0.03216147422790527	(-0.7061642864146458+0j)
bv_n100.qasm	100	299	102	2	Timed out!
bv_n500.qasm	500	1499	502	2	Timed out!
cx.qasm	50	491	38	2	Timed out!
simple.qasm	3	2	1	2	2	0.00748896598815918	0.010378599166870117	0j
RandomClifford_q3_0_0.qasm	3	21	16	2	4	0.057730913162231445	0.06373715400695801	(-2.94333197668889e-05-9.820927516478861e-09j)
bv_n14.qasm	14	41	16	2	13	0.11842584609985352	0.1400620937347412	(-0.7061642864146449-6.776263578034403e-21j)
bv_n12.qasm	12	35	14	2	11	0.09173202514648438	0.10953783988952637	(-0.7061642864146449+0j)
grover_21.qasm	'NoneType' object has no attribute 'qiskit_data'
bv_n50.qasm	50	149	52	2	Timed out!
bv_n13.qasm	13	38	15	2	12	0.10563921928405762	0.1259748935699463	(-0.7061642864146449+0j)
grover_17.qasm	'NoneType' object has no attribute 'qiskit_data'
grover_41.qasm	'NoneType' object has no attribute 'qiskit_data'
bcx_30.qasm	30	290	38	2	Timed out!
RandomClifford_q15_0_0.qasm	15	283	221	2	Timed out!
grover_51.qasm	'NoneType' object has no attribute 'qiskit_data'
grover_23.qasm	'NoneType' object has no attribute 'qiskit_data'
grover_13.qasm	'NoneType' object has no attribute 'qiskit_data'
RandomClifford_q3_0_1.qasm	3	10	5	2	2	0.024062156677246094	0.027340412139892578	(-0.2495834999999999+8.327777777777775e-05j)
bv_n3.qasm	3	8	5	2	2	0.01835155487060547	0.021657228469848633	(-0.7061642864146458+0j)
bv_n11.qasm	11	32	13	2	10	0.08342456817626953	0.10193109512329102	(-0.7061642864146451+0j)
RandomClifford_q5_0_0.qasm	5	38	24	2	4	0.09491181373596191	0.10140442848205566	(0.00024348996310763843+0j)
RandomClifford_q4_0_0.qasm	4	27	19	2	3	0.06579995155334473	0.07073378562927246	(-5.203124999999999e-06-1.7361111111107533e-09j)
bv_n15.qasm	15	44	17	2	14	0.13596367835998535	0.16408300399780273	(-0.7061642864146448+0j)
bv_n30.qasm	30	89	32	2	29	0.4786386489868164	0.6091434955596924	(-0.7061642864146433+0j)
bv_n5.qasm	5	14	7	2	4	0.02655196189880371	0.03269648551940918	(-0.7061642864146458+0j)
grover_3.qasm	'NoneType' object has no attribute 'qiskit_data'
bv_n19.qasm	19	56	21	2	18	0.20410704612731934	0.24483633041381836	(-0.7061642864146443+6.776263578034403e-21j)
RandomClifford_q10_0_1.qasm	10	135	57	2	14	0.701582670211792	0.7255487442016602	(-4.206261100967004e-08-2.1031282089919183e-08j)
grover_31.qasm	'NoneType' object has no attribute 'qiskit_data'
grover_7.qasm	'NoneType' object has no attribute 'qiskit_data'
bv_n8.qasm	8	23	10	2	7	0.04917025566101074	0.06068301200866699	(-0.7061642864146453+0j)
inst_12x12_10_0.qasm	144	1081	11	2	No this kind of gate!
adder_4.qasm	4	15	10	2	No this kind of gate!
bv_n10.qasm	10	29	12	2	9	0.06798696517944336	0.08305788040161133	(-0.7061642864146452-6.776263578034403e-21j)
cx_40.qasm	40	387	36	2	Timed out!
bv_n16.qasm	16	47	18	2	15	0.1455230712890625	0.1800229549407959	(-0.7061642864146447+0j)
bv_n9.qasm	9	26	11	2	8	0.05629158020019531	0.06917667388916016	(-0.7061642864146452+0j)
bv_n80.qasm	80	239	82	2	Timed out!
random_cliffd.qasm	5	36	19	2	4	0.06890606880187988	0.07535052299499512	(2.117582368135751e-22+0.002760293826292637j)
bv_n2.qasm	2	5	4	2	2	0.06732559204101562	0.07126522064208984	(-0.7056931961635353+1.5713484026366178e-07j)
RandomClifford_q10_0_0.qasm	10	141	107	2	7	0.6085212230682373	0.619605302810669	0j
inst_8x8_10_0.qasm	64	1116	40	2	No this kind of gate!
cx_h_40.qasm	40	430	37	2	Timed out!
grover_5.qasm	'NoneType' object has no attribute 'qiskit_data'
grover_27.qasm	'NoneType' object has no attribute 'qiskit_data'
bv_n6.qasm	6	17	8	2	5	0.031599998474121094	0.039922475814819336	(-0.7061642864146457+0j)
grover_29.qasm	'NoneType' object has no attribute 'qiskit_data'
RandomClifford_q15_0_1.qasm	15	261	121	2	Timed out!
inst_7x7_10_0.qasm	49	839	40	2	No this kind of gate!
bv_n7.qasm	7	20	9	2	6	0.03890395164489746	0.047667741775512695	(-0.7061642864146456-6.776263578034403e-21j)
RandomClifford_q4_0_1.qasm	4	28	17	2	4	0.16762304306030273	0.17368626594543457	(2.9438230230648506e-05-1.4706838955928892e-05j)
inst_9x9_10_0.qasm	81	1417	40	2	No this kind of gate!
011_3_qubit_grover_50_.qasm	5	96	55	2	No this kind of gate!
cx_30.qasm	30	290	38	2	Timed out!
grover_25.qasm	'NoneType' object has no attribute 'qiskit_data'
RandomClifford_q5_0_1.qasm	5	33	20	2	3	0.05653262138366699	0.06138801574707031	(1.4731391274718766e-05+1.4721570347203245e-05j)
grover_15.qasm	'NoneType' object has no attribute 'qiskit_data'
cx_h.qasm	30	317	34	2	Timed out!
grover_11.qasm	'NoneType' object has no attribute 'qiskit_data'
bv_n200.qasm	200	599	202	2	Timed out!
inst_10x10_10_0.qasm	100	746	11	2	No this kind of gate!
grover_19.qasm	'NoneType' object has no attribute 'qiskit_data'
bv_n1000.qasm	1000	2999	1002	2	Timed out!
grover_9.qasm	'NoneType' object has no attribute 'qiskit_data'
7x1mod15.qasm	5	14	10	2	2	0.023366212844848633	0.02895379066467285	0j

bv_n10.qasm	10	29	12	2	
bv_n10.qasm	10	29	12	2	0.03564786911010742	0.9991002699676017	
0.06	bv_n10.qasm	10	29	12	16	0.04755353927612305	0.949298689225569	













8390427898e-09	4	0.0	5	1.1897869161280313e-05	6	0.0	7	0.004868587429802846	8	0.0	9	0.00248474038779793	10	0.0	11	6.222218740441919e-06	12	0.0	13	0.0024735558955242304	14	0.0	15	0.9901542810356666	

0	1.00000	0.00000	0.00000	0.00000	0.00000	0.00000	-0.00000	0.00000	0.00000	0.00000	0.00000	0.00000	0.00000	0.00000	0.00000	0.00000	
1	0.00000	0.00250	0.00000	0.00000	0.00000	0.99252	0.00000	0.00249	0.00000	0.00001	0.00000	0.00249	0.00000	0.00000	0.00000	-0.00000	
2	-0.00000	0.00000	0.00249	0.00000	0.00000	0.00000	0.99502	0.00000	0.00000	0.00000	0.00001	0.00000	0.00000	0.00000	0.00248	0.00000	
3	0.00000	0.00000	0.00000	0.00495	0.00000	0.00248	0.00000	0.00001	0.00000	0.00248	0.00000	0.99008	0.00000	0.00000	0.00000	0.00000	
4	-0.00000	0.00000	0.00000	0.00000	0.00001	0.00000	0.00000	0.00000	0.00000	0.00000	0.00000	0.00000	0.99999	0.00000	0.00000	0.00000	
5	0.00000	0.99206	0.00000	0.00248	0.00000	0.00250	0.00000	0.00248	0.00000	0.00047	0.00000	0.00000	0.00000	0.00000	0.00000	0.00001	
6	0.00000	0.00000	0.99262	0.00000	0.00000	0.00000	0.00249	0.00000	0.00000	0.00000	0.00488	0.00000	0.00000	0.00000	0.00001	0.00000	
7	0.00000	0.00248	0.00000	0.00001	0.00000	0.00247	0.00000	0.99015	0.00000	0.00000	0.00000	0.00000	0.00000	0.00001	0.00000	0.00487	
8	0.00000	0.00000	0.00000	0.00000	0.00000	0.00000	0.00000	0.00000	1.00000	0.00000	0.00000	0.00000	0.00000	0.00000	-0.00000	0.00000	
9	0.00000	0.00001	0.00000	0.00249	0.00000	0.00000	0.00000	0.00000	0.00000	0.00250	0.00000	0.00000	0.00000	0.99252	0.00000	0.00249	
10	0.00000	0.00000	0.00001	0.00000	0.00000	0.00000	0.00248	0.00000	-0.00000	0.00000	0.00249	0.00000	0.00000	0.00000	0.99502	0.00000	
11	0.00000	0.00248	0.00000	0.99008	0.00000	0.00000	0.00000	0.00000	0.00000	0.00000	0.00000	0.00495	0.00000	0.00248	0.00000	0.00001	
12	0.00000	0.00000	0.00000	0.00000	0.99999	0.00000	0.00000	0.00000	0.00000	0.00000	0.00000	0.00000	0.00001	0.00000	0.00000	0.00000	
13	0.00000	0.00047	0.00000	0.00000	0.00000	0.00000	0.00000	0.00001	0.00000	0.99206	0.00000	0.00248	0.00000	0.00250	0.00000	0.00248	
14	0.00000	0.00000	0.00488	0.00000	0.00000	0.00000	0.00001	0.00000	0.00000	0.00000	0.99262	0.00000	0.00000	0.00000	0.00249	0.00000	
15	0.00000	0.00000	0.00000	0.00000	0.00000	0.00001	0.00000	0.00487	0.00000	0.00248	0.00000	0.00001	0.00000	0.00247	0.00000	0.99015	

0	1.0000	0.0000	0.0000	0.0000	0.0000	0.0000	0.0000	0.0000	0.0000	0.0000	0.0000	0.0000	0.0000	0.0000	0.0000	0.0000	
1	0.0000	0.0025	0.0000	0.0000	0.0000	0.9925	0.0000	0.0025	0.0000	0.0000	0.0000	0.0025	0.0000	0.0000	0.0000	0.0000	
2	0.0000	0.0000	0.0025	0.0000	0.0000	0.0000	0.9950	0.0000	0.0000	0.0000	0.0000	0.0000	0.0000	0.0000	0.0025	0.0000	
3	0.0000	0.0000	0.0000	0.0049	0.0000	0.0025	0.0000	0.0000	0.0000	0.0025	0.0000	0.9901	0.0000	0.0000	0.0000	0.0000	
4	0.0000	0.0000	0.0000	0.0000	0.0000	0.0000	-0.0000	0.0000	0.0000	0.0000	0.0000	0.0000	1.0000	0.0000	0.0000	0.0000	
5	0.0000	0.9921	0.0000	0.0025	0.0000	0.0025	0.0000	0.0025	0.0000	0.0005	0.0000	0.0000	0.0000	0.0000	0.0000	0.0000	
6	0.0000	0.0000	0.9926	0.0000	0.0000	0.0000	0.0025	0.0000	0.0000	0.0000	0.0049	0.0000	-0.0000	0.0000	0.0000	0.0000	
7	0.0000	0.0025	0.0000	0.0000	0.0000	0.0025	0.0000	0.9902	0.0000	0.0000	0.0000	0.0000	0.0000	0.0000	0.0000	0.0049	
8	0.0000	0.0000	0.0000	0.0000	0.0000	0.0000	0.0000	0.0000	1.0000	0.0000	0.0000	0.0000	0.0000	0.0000	0.0000	0.0000	
9	0.0000	0.0000	0.0000	0.0025	0.0000	0.0000	0.0000	0.0000	0.0000	0.0025	0.0000	0.0000	0.0000	0.9925	0.0000	0.0025	
10	0.0000	0.0000	0.0000	0.0000	0.0000	0.0000	0.0025	0.0000	0.0000	0.0000	0.0025	0.0000	0.0000	0.0000	0.9950	0.0000	
11	0.0000	0.0025	0.0000	0.9901	0.0000	0.0000	0.0000	0.0000	0.0000	0.0000	0.0000	0.0049	0.0000	0.0025	0.0000	0.0000	
12	0.0000	0.0000	-0.0000	0.0000	1.0000	0.0000	0.0000	0.0000	0.0000	0.0000	-0.0000	0.0000	0.0000	0.0000	0.0000	0.0000	
13	0.0000	0.0005	0.0000	0.0000	0.0000	0.0000	0.0000	0.0000	0.0000	0.9921	0.0000	0.0025	0.0000	0.0025	0.0000	0.0025	
14	0.0000	0.0000	0.0049	0.0000	0.0000	0.0000	0.0000	0.0000	0.0000	0.0000	0.9926	0.0000	-0.0000	0.0000	0.0025	0.0000	
15	0.0000	0.0000	0.0000	0.0000	0.0000	0.0000	0.0000	0.0049	0.0000	0.0025	0.0000	0.0000	0.0000	0.0025	0.0000	0.9902	


